{
  "asset": {
    "version": "2.0",
    "generator": "THREE.GLTFExporter"
  },
  "scenes": [
    {
      "nodes": [
        0
      ]
    }
  ],
  "scene": 0,
  "nodes": [
    {
      "children": [
        419
      ],
      "matrix": [
        0.01,
        0,
        0,
        0,
        0,
        0.01,
        0,
        0,
        0,
        0,
        0.01,
        0,
        0,
        0,
        0,
        1
      ]
    },
    {
      "matrix": [
        1,
        0,
        0,
        0,
        0,
        1,
        0,
        0,
        0,
        0,
        1,
        0,
        414.4846079967435,
        93.86920521901513,
        -220.93394818597744,
        1
      ],
      "name": "Cube 2",
      "mesh": 0
    },
    {
      "matrix": [
        1,
        0,
        0,
        0,
        0,
        -0.823782221760412,
        0.566906386550266,
        0,
        0,
        -0.566906386550266,
        -0.823782221760412,
        0,
        -348.29302778130887,
        462.86920521901516,
        341.2345317408027,
        1
      ],
      "name": "Cube 4",
      "mesh": 1
    },
    {
      "matrix": [
        1,
        0,
        0,
        0,
        0,
        1,
        0,
        0,
        0,
        0,
        1,
        0,
        -521.2923570619929,
        79.86920521901513,
        396.2345317408027,
        1
      ],
      "name": "Cube 3",
      "mesh": 2
    },
    {
      "matrix": [
        1,
        0,
        0,
        0,
        0,
        1,
        0,
        0,
        0,
        0,
        1,
        0,
        236.48460799674348,
        47.86920521901513,
        730.0127403944264,
        1
      ],
      "name": "Cube",
      "mesh": 3
    },
    {
      "matrix": [
        0.11443202925512452,
        0.9815886726680304,
        0.15293458853499717,
        0,
        -0.8006752679435755,
        -2.220446049250313e-16,
        0.5990985856296809,
        0,
        0.5880683854655326,
        -0.19100700953057873,
        0.7859337734988535,
        0,
        366.1526695417606,
        -68.65134579312385,
        -20.623090995181368,
        1
      ],
      "mesh": 5
    },
    {
      "matrix": [
        -0.03278537522962366,
        0.924654778812721,
        0.37939248699710704,
        0,
        0.9962869671537161,
        2.220446049250313e-16,
        0.08609459378874787,
        0,
        0.07960777757670578,
        0.3808064337938597,
        -0.9212215052475161,
        0,
        23.86683587338604,
        136.9294683541945,
        -58.94316164745844,
        1
      ],
      "mesh": 5
    },
    {
      "matrix": [
        -0.5096134761447759,
        0.8277831675631326,
        0.2346681325420742,
        0,
        -0.4182673665598569,
        0,
        -0.9083239565656529,
        0,
        -0.7518952819393935,
        -0.5610481507848917,
        0.34623468557920845,
        0,
        297.3321866385593,
        84.6151682486257,
        -34.739514692647255,
        1
      ],
      "mesh": 5
    },
    {
      "matrix": [
        0.17082686601193042,
        0.941349968292846,
        -0.290995565333219,
        0,
        0.8623832813464017,
        1.1102230246251565e-16,
        0.5062559392779633,
        0,
        0.4765640123873758,
        -0.3374318259960932,
        -0.8118044745517157,
        0,
        -25.951224968509667,
        30.892792632425454,
        0.06666990064169553,
        1
      ],
      "mesh": 5
    },
    {
      "matrix": [
        0.03398331572590885,
        0.9985090853919496,
        -0.042716983063012415,
        0,
        -0.7825662681495134,
        0,
        -0.6225672943180873,
        0,
        -0.621639099644494,
        0.054585770945664025,
        0.7813995286685617,
        0,
        71.29642855271662,
        -66.6626202329364,
        48.88854359508757,
        1
      ],
      "mesh": 5
    },
    {
      "matrix": [
        0.7238473776648824,
        0.689299350200753,
        0.030189065247091917,
        0,
        0.04167017053127847,
        -4.440892098500626e-16,
        -0.999131421229407,
        0,
        -0.6887006394185848,
        0.7244766426965196,
        -0.02872322146996531,
        0,
        357.3028054252536,
        -26.632463971758213,
        -52.06059337491992,
        1
      ],
      "mesh": 5
    },
    {
      "matrix": [
        -0.04405453778035029,
        0.9647610591688598,
        -0.2594133697640496,
        0,
        -0.9858845505075045,
        0,
        0.1674265602304961,
        0,
        0.1615266255809723,
        0.26312753316857557,
        0.9511430231658352,
        0,
        230.66791699805523,
        4.542772588137319,
        41.973042747710764,
        1
      ],
      "mesh": 5
    },
    {
      "matrix": [
        0.006280996509100856,
        0.9982969234180118,
        -0.05799829115572876,
        0,
        -0.9941870442546242,
        3.3306690738754696e-16,
        -0.10766671275864914,
        0,
        -0.10748334810149025,
        0.05833740390291652,
        0.9924938675814384,
        0,
        42.74727175035124,
        -44.47190557047174,
        2.745391081461518,
        1
      ],
      "mesh": 5
    },
    {
      "matrix": [
        -0.09381209596036255,
        0.8888180477130129,
        0.44855520140909355,
        0,
        -0.978821921887462,
        -2.220446049250313e-16,
        -0.20471356875531108,
        0,
        -0.18195311452145913,
        -0.458260273272328,
        0.8699945896707129,
        0,
        432.75625754171057,
        -79.32155178225355,
        -24.453676067518856,
        1
      ],
      "mesh": 5
    },
    {
      "matrix": [
        0.0027658033045598884,
        0.999965522114917,
        0.007829745431472523,
        0,
        0.9429009618530578,
        0,
        -0.3330732293904421,
        0,
        -0.333061745729915,
        0.008303889536908471,
        -0.9428684526220503,
        0,
        501.10322670059804,
        -156.03471715150306,
        -3.454627859326065,
        1
      ],
      "mesh": 5
    },
    {
      "matrix": [
        0.5081920551988114,
        0.512142198099484,
        -0.6924241503288551,
        0,
        0.8061748823349926,
        1.1102230246251565e-16,
        0.5916773268363092,
        0,
        0.30302292673157427,
        -0.8589006746567548,
        -0.412876176291636,
        0,
        165.4715280557386,
        -151.8173854628837,
        5.816626778270691,
        1
      ],
      "mesh": 5
    },
    {
      "matrix": [
        -0.013777575111376894,
        0.6664039693006146,
        0.7454635659268908,
        0,
        0.9998292536251797,
        0,
        0.018478733596114516,
        0,
        0.012314301416099238,
        0.7455908728655317,
        -0.6662901832386909,
        0,
        412.81575117741517,
        -136.4155439387171,
        39.62943926221219,
        1
      ],
      "mesh": 5
    },
    {
      "matrix": [
        -0.14987104039421317,
        0.936687676981706,
        -0.31647253757912697,
        0,
        0.9037787180147997,
        -4.440892098500626e-16,
        -0.4280000337190708,
        0,
        -0.4009023573324082,
        -0.3501659546423892,
        -0.8465583878827871,
        0,
        390.5110854624741,
        -161.39169815422744,
        36.16762593604232,
        1
      ],
      "mesh": 5
    },
    {
      "matrix": [
        0.0482036649756965,
        0.9938772975063552,
        0.099419938565534,
        0,
        -0.8998138997084253,
        0,
        0.4362739344626444,
        0,
        0.4336027589561978,
        -0.11048944520389145,
        0.8943046069008644,
        0,
        4.489312793440492,
        24.803341957677375,
        -16.830994172949065,
        1
      ],
      "mesh": 5
    },
    {
      "matrix": [
        -0.04686389161814941,
        0.9979726438373632,
        -0.043062487325589094,
        0,
        -0.6766114094486045,
        -4.440892098500626e-16,
        0.7363402750114741,
        0,
        0.7348474510171317,
        0.0636443410859453,
        0.6752396771379481,
        0,
        -14.120740526779056,
        1.0575457063447693,
        42.16044017664385,
        1
      ],
      "mesh": 5
    },
    {
      "matrix": [
        0.20055774514668823,
        0.9762482393713867,
        -0.08195099746765722,
        0,
        0.37825579655319586,
        -2.220446049250313e-16,
        0.9257011139530447,
        0,
        0.9037140826807911,
        -0.21665496791965788,
        -0.3692715554170791,
        0,
        -16.162097639397853,
        39.14821035361197,
        7.770271524582561,
        1
      ],
      "mesh": 5
    },
    {
      "matrix": [
        -0.15564920634294,
        0.9127262231154974,
        -0.37776204971136446,
        0,
        -0.9245917940867198,
        0,
        0.3809593341913285,
        0,
        0.34771157425704585,
        0.4085717092963224,
        0.843899176140354,
        0,
        34.61908959602111,
        -27.985772588359644,
        3.5239984180197186,
        1
      ],
      "mesh": 5
    },
    {
      "matrix": [
        -0.27393315609603075,
        0.7914964046667572,
        0.5463461058622676,
        0,
        0.8939291666017053,
        2.220446049250313e-16,
        0.44820826085513005,
        0,
        0.35475522700877554,
        0.611173822573903,
        -0.7075417213920003,
        0,
        486.14962828179785,
        -33.54886940291413,
        -32.409114707848225,
        1
      ],
      "mesh": 5
    },
    {
      "matrix": [
        0.06499424119494601,
        0.7940048291218533,
        0.6044270675132529,
        0,
        0.9942682725848273,
        -4.440892098500626e-16,
        -0.1069139940848926,
        0,
        -0.08489022760410991,
        0.6079114502385832,
        -0.7894538098749961,
        0,
        438.2749234312031,
        -53.5680923147501,
        -66.27781460224283,
        1
      ],
      "mesh": 5
    },
    {
      "matrix": [
        0.015658141348381727,
        0.7225548832092441,
        0.6911362118714297,
        0,
        0.9997434594745624,
        1.1102230246251565e-16,
        -0.022649839686717077,
        0,
        -0.016365752269543954,
        0.69131356181582,
        -0.722369518599848,
        0,
        447.262313833611,
        -46.02245487035371,
        -57.344593413823134,
        1
      ],
      "mesh": 5
    },
    {
      "matrix": [
        0.02152304352439971,
        0.9498116987299862,
        -0.31208091186919024,
        0,
        -0.9976302797082247,
        -4.440892098500626e-16,
        -0.06880279797573656,
        0,
        -0.06534970242271043,
        0.3128222130150902,
        0.9475609106741396,
        0,
        27.726985797045465,
        -137.24949314183777,
        20.715075137679943,
        1
      ],
      "mesh": 5
    },
    {
      "matrix": [
        0.03278810336537996,
        0.9849266937059603,
        -0.169836239663822,
        0,
        0.9818697208022685,
        -4.440892098500626e-16,
        0.18955698713493968,
        0,
        0.1866997366076793,
        -0.17297227530863452,
        -0.9670696977597728,
        0,
        540.70242782395,
        -91.9570655833672,
        -14.08377542351801,
        1
      ],
      "mesh": 5
    },
    {
      "matrix": [
        0.04016122590419291,
        0.9299342624553185,
        -0.3655261186913404,
        0,
        0.9940181350496148,
        -4.440892098500626e-16,
        0.10921514177295422,
        0,
        0.10156290231358517,
        -0.3677258047943923,
        -0.9243715212845749,
        0,
        246.0002308994918,
        62.14552549987365,
        -23.441581012424358,
        1
      ],
      "mesh": 5
    },
    {
      "matrix": [
        0.07684928104420186,
        0.6344709049506732,
        0.7691169343955853,
        0,
        -0.995045181656588,
        0,
        0.09942377211717385,
        0,
        0.06308149066879287,
        -0.7729467451067207,
        0.6313272168724624,
        0,
        431.1395466547791,
        -173.01241008093007,
        65.13948189131995,
        1
      ],
      "mesh": 5
    },
    {
      "matrix": [
        -0.024806571897246332,
        0.9584642602267225,
        -0.284131828309939,
        0,
        -0.9962104330674882,
        -2.220446049250313e-16,
        0.0869757037769041,
        0,
        0.08336310357822889,
        0.2852126607779569,
        0.9548320957601727,
        0,
        353.72381010934504,
        -69.04121103132343,
        63.134379432034336,
        1
      ],
      "mesh": 5
    },
    {
      "matrix": [
        -0.8806851466236383,
        0.2293484274707639,
        0.41447915669330027,
        0,
        -0.4258299133875847,
        0,
        -0.9048032299148375,
        0,
        -0.20751519795143605,
        -0.973344388598757,
        0.09766342100545389,
        0,
        225.50154773272928,
        -166.54080488076926,
        42.76043995078452,
        1
      ],
      "mesh": 5
    },
    {
      "matrix": [
        0.10788784208072677,
        0.9920327655959703,
        0.06504771721724484,
        0,
        0.5163331679093889,
        2.220446049250313e-16,
        -0.8563877975056946,
        0,
        -0.8495647551822161,
        0.12598012535320985,
        -0.5122194205300794,
        0,
        -44.241726309305676,
        101.6002800404827,
        -13.658633913111526,
        1
      ],
      "mesh": 5
    },
    {
      "matrix": [
        0.19670463995726228,
        0.9804627325209245,
        0.00033875785734910346,
        0,
        -0.001722162502474478,
        -2.220446049250313e-16,
        0.9999985170770581,
        0,
        0.9804612785702447,
        -0.1967049316555184,
        0.0016885161530211246,
        0,
        448.2115927808405,
        -104.68953539743787,
        -52.05930249031871,
        1
      ],
      "mesh": 5
    },
    {
      "matrix": [
        -0.6822063555926883,
        0.4135693443400412,
        -0.6029551275269921,
        0,
        -0.6622441051234338,
        -2.220446049250313e-16,
        0.7492881590077761,
        0,
        0.3098826126426024,
        0.9104726231041483,
        0.27388386034895584,
        0,
        14.91926529134935,
        156.51051487516582,
        -18.33808388266013,
        1
      ],
      "mesh": 5
    },
    {
      "matrix": [
        -0.03443695221566756,
        0.9988253345287864,
        -0.034088816722694926,
        0,
        0.7035053463371775,
        0,
        -0.7106899659310013,
        0,
        -0.7098551429672842,
        -0.04845566121164441,
        -0.702678962898021,
        0,
        221.02269637837838,
        46.68112895191914,
        -12.215545625261313,
        1
      ],
      "mesh": 5
    },
    {
      "matrix": [
        -0.34187594957792533,
        0.7790629081620101,
        -0.5255300374158869,
        0,
        -0.8382384434468698,
        -2.220446049250313e-16,
        0.5453038711835531,
        0,
        0.4248260197162609,
        0.626945759317464,
        0.653040479484915,
        0,
        148.68739282083348,
        7.105049506430335,
        19.95282919449053,
        1
      ],
      "mesh": 5
    },
    {
      "matrix": [
        0.4929396286187432,
        0.8325488494810211,
        -0.2527309552964249,
        0,
        -0.45623289040589193,
        -2.220446049250313e-16,
        -0.889860410239654,
        0,
        -0.7408522607437336,
        0.5539516343759877,
        0.37983616800282605,
        0,
        -52.42933478019508,
        -21.37676283193394,
        -16.40935371454227,
        1
      ],
      "mesh": 5
    },
    {
      "matrix": [
        0.2620473125295141,
        0.9537999489375815,
        -0.1469587132589506,
        0,
        -0.48914099875194506,
        0,
        -0.8722047255890959,
        0,
        -0.8319088227299968,
        0.3004424360949487,
        0.46654265963288255,
        0,
        0.14585284003838295,
        78.23589544584004,
        -32.866308588359296,
        1
      ],
      "mesh": 5
    },
    {
      "matrix": [
        0.20768107651487366,
        0.9407305885738069,
        0.26813155386713067,
        0,
        -0.7905875888952254,
        0,
        0.612348972633117,
        0,
        0.5760554094377182,
        -0.3391547725177677,
        0.7437299278205524,
        0,
        267.0124027219705,
        -26.183030578139057,
        -15.588063883128118,
        1
      ],
      "mesh": 5
    },
    {
      "matrix": [
        0.09855149053959733,
        0.9904076379124089,
        0.09685202360914386,
        0,
        0.700930410223124,
        3.3306690738754696e-16,
        -0.7132296684970718,
        0,
        -0.7063881112652355,
        0.13817637556674606,
        -0.6942068319300598,
        0,
        422.19673094753597,
        30.531147585969375,
        -107.52999263272162,
        1
      ],
      "mesh": 5
    },
    {
      "matrix": [
        0.01972090335327059,
        0.2608012435996309,
        0.9651910677724992,
        0,
        0.9997913294924812,
        -2.220446049250313e-16,
        -0.02042786018302306,
        0,
        -0.005327611339811744,
        0.9653925167189179,
        -0.26074682207176747,
        0,
        10.91779342972762,
        159.66586446204622,
        -35.944562842764704,
        1
      ],
      "mesh": 5
    },
    {
      "matrix": [
        -0.04686389161814941,
        0.9979726438373632,
        -0.043062487325589094,
        0,
        -0.6766114094486045,
        -4.440892098500626e-16,
        0.7363402750114741,
        0,
        0.7348474510171317,
        0.0636443410859453,
        0.6752396771379481,
        0,
        -15.775674696944757,
        -1.0282707254995356,
        42.675301536790734,
        1
      ],
      "mesh": 5
    },
    {
      "matrix": [
        0.0411252592728546,
        0.995519622688471,
        -0.08514337256618704,
        0,
        0.9004623373126524,
        2.220446049250313e-16,
        0.4349339939363613,
        0,
        0.4329853255379162,
        -0.09455517353484172,
        -0.8964279262866703,
        0,
        58.96883075424773,
        -51.88678562727098,
        -44.7107520037586,
        1
      ],
      "mesh": 5
    },
    {
      "matrix": [
        -0.8022304692814657,
        0.5969104181123391,
        -0.011145712421912257,
        0,
        -0.013892063807570687,
        -2.220446049250313e-16,
        0.9999035006255186,
        0,
        0.5968528166303699,
        0.8023078914911361,
        0.0082923176158205,
        0,
        161.78963462747768,
        12.063674126870879,
        1.6571482975209284,
        1
      ],
      "mesh": 5
    },
    {
      "matrix": [
        -0.15107713526980127,
        0.9842309963267298,
        -0.09200567954405336,
        0,
        -0.5201353794477742,
        -2.220446049250313e-16,
        0.8540838290511771,
        0,
        0.8406157780135883,
        0.1768879472143109,
        0.5119333627386643,
        0,
        454.9357860905227,
        95.19471466179779,
        -66.11198753260823,
        1
      ],
      "mesh": 5
    },
    {
      "matrix": [
        -0.021742170677226724,
        0.8804465490153155,
        -0.473646653467819,
        0,
        -0.9989480837203919,
        -2.220446049250313e-16,
        0.04585549074382486,
        0,
        0.04037330857880428,
        0.4741454147484945,
        0.8795203929570814,
        0,
        497.2328321249467,
        -170.6449732394274,
        -19.50245652909413,
        1
      ],
      "mesh": 5
    },
    {
      "matrix": [
        -0.1887107325806925,
        0.8283894115646913,
        0.527408041478667,
        0,
        -0.9415434321657756,
        -2.220446049250313e-16,
        -0.33689162255166283,
        0,
        -0.279077452966646,
        -0.5601526424176761,
        0.7799646097344063,
        0,
        451.0368195486078,
        -69.63060712087243,
        -14.781357836278094,
        1
      ],
      "mesh": 5
    },
    {
      "matrix": [
        0.1009936698892473,
        0.994696830247104,
        0.019454936100272102,
        0,
        -0.18915751302941852,
        2.220446049250313e-16,
        0.9819467578563134,
        0,
        0.9767393275110954,
        -0.10285045404063087,
        0.18815437862778794,
        0,
        252.9353680299705,
        7.761561936184524,
        21.220882932497528,
        1
      ],
      "mesh": 5
    },
    {
      "matrix": [
        0.16052685517736565,
        0.8044323515723113,
        0.5719438088752309,
        0,
        -0.9627966132673889,
        -2.220446049250313e-16,
        0.27022709242569737,
        0,
        0.21737941541855205,
        -0.5940442674951434,
        0.7745047436965425,
        0,
        302.7945454669704,
        101.97604104811221,
        -15.808925593070022,
        1
      ],
      "mesh": 5
    },
    {
      "matrix": [
        0.8608709438283331,
        0.49127407309060267,
        -0.13248019920382148,
        0,
        -0.15210038133880266,
        2.220446049250313e-16,
        -0.9883650509789339,
        0,
        -0.48555812429482204,
        0.8710050431019152,
        0.07472297385894766,
        0,
        382.4338158793115,
        113.54701165965497,
        -32.701785699902175,
        1
      ],
      "mesh": 5
    },
    {
      "matrix": [
        0.6204148254570933,
        0.7803633184539742,
        -0.07822106854643429,
        0,
        -0.12508838596813315,
        -2.220446049250313e-16,
        -0.9921456020644791,
        0,
        -0.7742340344165529,
        0.6253263877460328,
        0.09761438797414368,
        0,
        245.2442702222932,
        5.5110994795007375,
        -38.13789574197819,
        1
      ],
      "mesh": 5
    },
    {
      "matrix": [
        0.09534797892087887,
        0.9890232568976199,
        0.1128794057006336,
        0,
        0.7639378596171963,
        0,
        -0.6452898160078904,
        0,
        -0.6382066354709897,
        0.14775993136038143,
        -0.7555523099859962,
        0,
        -116.00794980075798,
        -128.9933442120154,
        -17.479817988949932,
        1
      ],
      "mesh": 5
    },
    {
      "matrix": [
        0.16547391455021054,
        0.8299703443262078,
        -0.5326984241974684,
        0,
        -0.9549860958553672,
        -2.220446049250313e-16,
        -0.2966505633281754,
        0,
        -0.24621117019004915,
        0.5578075183600848,
        0.7926101388038197,
        0,
        201.21426312578362,
        -63.896611211561684,
        -7.767326479514502,
        1
      ],
      "mesh": 5
    },
    {
      "matrix": [
        0.10244387507885155,
        0.9785393156335993,
        0.17879054845868014,
        0,
        0.8676617066530881,
        2.220446049250313e-16,
        -0.4971550691764596,
        0,
        -0.4864857811557075,
        0.20606020421063112,
        -0.8490410926297938,
        0,
        -22.10917551441694,
        -32.577798521566926,
        -19.74208425916698,
        1
      ],
      "mesh": 5
    },
    {
      "matrix": [
        -0.045201695701046596,
        0.9989640854687303,
        0.005250014226030331,
        0,
        0.11537083130013093,
        0,
        0.9933224910798693,
        0,
        0.9922934938771225,
        0.045505559480392366,
        -0.11525131697950264,
        0,
        243.84384691934997,
        -95.12733662036692,
        40.95791289201228,
        1
      ],
      "mesh": 5
    },
    {
      "matrix": [
        0.24407705717416517,
        0.8153492879874558,
        0.5250065987580995,
        0,
        0.9067951092736395,
        2.220446049250313e-16,
        -0.421571618823431,
        0,
        -0.3437281192434037,
        0.5789693762008046,
        -0.7393547466967689,
        0,
        478.26484838504837,
        -147.31986334675173,
        13.518623871183229,
        1
      ],
      "mesh": 5
    },
    {
      "matrix": [
        0.08693422378067672,
        0.9216363543900881,
        -0.3781915797611039,
        0,
        -0.9745832347403327,
        0,
        -0.22402570960287035,
        0,
        -0.20647023828804195,
        0.38805467432637397,
        0.8982113395157796,
        0,
        351.0084797768954,
        -2.5509662101350252,
        42.83528417638421,
        1
      ],
      "mesh": 5
    },
    {
      "matrix": [
        0.44501469047941566,
        0.8870965087761205,
        0.12256308324584603,
        0,
        0.265527151431523,
        2.220446049250313e-16,
        -0.9641033823468625,
        0,
        -0.8552527445791511,
        0.4615839946501809,
        -0.23554820902017215,
        0,
        -8.66278729927637,
        -119.56491183726237,
        -10.240063339502843,
        1
      ],
      "mesh": 5
    },
    {
      "matrix": [
        0.45538956098179617,
        0.8490366990508451,
        0.2678750294701836,
        0,
        0.507018463235769,
        -2.220446049250313e-16,
        -0.8619351935836239,
        0,
        -0.7318146115559911,
        0.5283338751820148,
        -0.43047728238352967,
        0,
        367.57528839420644,
        98.27493200346845,
        -36.97312314481828,
        1
      ],
      "mesh": 5
    },
    {
      "matrix": [
        -0.08822840847530866,
        0.9825550628401581,
        -0.1637110149778773,
        0,
        -0.8802997272898033,
        1.1102230246251565e-16,
        0.47441794878935356,
        0,
        0.46614175748522224,
        0.18597190241316747,
        0.864942953865407,
        0,
        238.18747019374123,
        16.219516089784896,
        40.044023026346125,
        1
      ],
      "mesh": 5
    },
    {
      "matrix": [
        -0.4730146408525622,
        0.8806737785716745,
        0.0259006809835291,
        0,
        0.05467471196459811,
        0,
        0.9985042192557767,
        0,
        0.8793564836917447,
        0.4737232269335008,
        -0.048150585178180494,
        0,
        471.5493429954059,
        84.11193999546833,
        -100.81541086433175,
        1
      ],
      "mesh": 5
    },
    {
      "matrix": [
        -0.04088378638047674,
        0.9939916353082965,
        -0.10153395958167866,
        0,
        -0.92762301281204,
        1.1102230246251565e-16,
        0.3735177989085844,
        0,
        0.37127356775389925,
        0.1094560593897771,
        0.9220495154546486,
        0,
        34.38588417879829,
        -36.89439310578779,
        6.0718856563544765,
        1
      ],
      "mesh": 5
    },
    {
      "matrix": [
        -0.048899329205684294,
        0.9639707926916119,
        -0.26147498243759315,
        0,
        -0.9829587126607893,
        1.1102230246251565e-16,
        0.1838264649179877,
        0,
        0.17720334310468944,
        0.26600810295460087,
        0.9475434894267472,
        0,
        237.6498331236272,
        39.305311293158844,
        29.536054072019148,
        1
      ],
      "mesh": 5
    },
    {
      "matrix": [
        -0.6939502041691701,
        0.2358664839116985,
        -0.680294139252059,
        0,
        0.7000455959777135,
        2.220446049250313e-16,
        -0.7140981470023627,
        0,
        -0.16843181910130633,
        -0.9717854710619688,
        -0.1651172933011329,
        0,
        27.91185619419788,
        -60.815621935216434,
        -23.764307982229308,
        1
      ],
      "mesh": 5
    },
    {
      "matrix": [
        0.3080803225204317,
        0.9182379567969534,
        -0.24884848718258912,
        0,
        -0.6283590824678,
        0,
        -0.7779234303453167,
        0,
        -0.7143188212247606,
        0.3960291083965376,
        0.5769831600200408,
        0,
        343.9591270506892,
        41.85729439471365,
        12.708418415410632,
        1
      ],
      "mesh": 5
    },
    {
      "matrix": [
        0.15599196883811217,
        0.9413337237727303,
        0.2992613007827347,
        0,
        0.8867602118799666,
        -2.220446049250313e-16,
        -0.46222973360288794,
        0,
        -0.4351124363708836,
        0.3374771406898028,
        -0.8347372923424641,
        0,
        279.4857244782093,
        121.11415375863832,
        -51.000788217801464,
        1
      ],
      "mesh": 5
    },
    {
      "matrix": [
        0.4870963227377897,
        0.5900711990275882,
        -0.6438580219687156,
        0,
        -0.7974943396653973,
        3.3306690738754696e-16,
        -0.6033264275677399,
        0,
        -0.3560055485199278,
        0.8073512123469833,
        0.4705784412240761,
        0,
        167.18794795638263,
        -97.7380014648103,
        10.542386755683122,
        1
      ],
      "mesh": 5
    },
    {
      "matrix": [
        -0.0390739409948917,
        0.9482270678880496,
        -0.31518035290855373,
        0,
        0.9924027754996894,
        0,
        -0.12303142354908154,
        0,
        -0.11666172601003826,
        -0.3175931795936946,
        -0.9410231739760326,
        0,
        -44.61315167839282,
        35.02358448128355,
        -5.925908172843867,
        1
      ],
      "mesh": 5
    },
    {
      "matrix": [
        0.4514857047131131,
        0.8788366766277945,
        0.15429437531393447,
        0,
        -0.3233850891096105,
        -4.440892098500626e-16,
        0.9462674485268792,
        0,
        0.8316145396644248,
        -0.477122726155246,
        0.28420267698407287,
        0,
        -88.03437980453056,
        -154.11372641288887,
        10.620799471393651,
        1
      ],
      "mesh": 5
    },
    {
      "matrix": [
        0.1333882234807814,
        0.9876263749206868,
        0.08247257360883159,
        0,
        -0.5258885259732868,
        0,
        0.8505535011095091,
        0,
        0.8400290709768827,
        -0.15682520065672811,
        0.5193813785193807,
        0,
        -5.5323216023808826,
        106.10895266333301,
        11.693682618820285,
        1
      ],
      "mesh": 5
    },
    {
      "matrix": [
        0.11614036771528002,
        0.9833303761864509,
        0.13990277429691092,
        0,
        0.7694242952324735,
        -2.220446049250313e-16,
        -0.6387380166437654,
        0,
        -0.6280904941909015,
        0.18182786164120399,
        -0.7565982816779431,
        0,
        -99.79558551702144,
        -104.58622168015594,
        -23.416357161899732,
        1
      ],
      "mesh": 5
    },
    {
      "matrix": [
        -0.2416915853161965,
        0.8611456467782881,
        -0.44722852393619533,
        0,
        -0.8797505852601752,
        -2.220446049250313e-16,
        0.47543549271628804,
        0,
        0.4094192048765219,
        0.5083583136280986,
        0.7575933867474507,
        0,
        408.1629608231471,
        107.52544672109445,
        -18.0837675946552,
        1
      ],
      "mesh": 5
    },
    {
      "matrix": [
        0.49857493345188875,
        0.8636407619424158,
        -0.07448268285291698,
        0,
        -0.14775151003856668,
        1.1102230246251565e-16,
        -0.9890245150052264,
        0,
        -0.854161885718842,
        0.5041077606142594,
        0.1276042267078502,
        0,
        -20.327089204373607,
        41.337890763893576,
        -33.394739275453,
        1
      ],
      "mesh": 5
    },
    {
      "matrix": [
        0.6304190444890128,
        0.5642137966779752,
        -0.5331365866115216,
        0,
        -0.6457340574906896,
        0,
        -0.7635623923404103,
        0,
        -0.43081243638290057,
        0.8256287250563806,
        0.364332064221096,
        0,
        101.60695924038902,
        3.4030412877015417,
        26.437624658394387,
        1
      ],
      "mesh": 5
    },
    {
      "matrix": [
        0.07700104077270375,
        0.9827219956934772,
        0.16831018656085528,
        0,
        -0.9093534109274621,
        0,
        0.4160244873016374,
        0,
        0.40883641441842067,
        -0.1850877607521078,
        0.8936415987773062,
        0,
        129.45404193813224,
        -14.304248496726247,
        35.30924616824037,
        1
      ],
      "mesh": 5
    },
    {
      "matrix": [
        -0.002419551885312954,
        0.9998454756554856,
        0.0174117942765896,
        0,
        0.990482603928987,
        1.1102230246251565e-16,
        0.13763797191928467,
        0,
        0.13761670350189356,
        0.01757910154860022,
        -0.990329550253862,
        0,
        30.202484913549586,
        88.51591194776947,
        -67.0472320250071,
        1
      ],
      "mesh": 5
    },
    {
      "matrix": [
        0.046011980310001865,
        0.939810711089062,
        -0.33858340920698343,
        0,
        -0.9908921567141206,
        0,
        -0.13465783958774374,
        0,
        -0.1265528799766743,
        0.3416955184404261,
        0.931251062414072,
        0,
        233.0965621790307,
        52.341699062283276,
        26.53440628800696,
        1
      ],
      "mesh": 5
    },
    {
      "matrix": [
        0.49140164109021145,
        0.800368524357106,
        0.3434161503952252,
        0,
        0.572829665898234,
        -4.440892098500626e-16,
        -0.8196744316293625,
        0,
        -0.6560416152964421,
        0.5995083195573097,
        -0.4584748344029439,
        0,
        -18.248039991136913,
        149.2739231091072,
        -28.61189628080752,
        1
      ],
      "mesh": 5
    },
    {
      "matrix": [
        0.2045562586237657,
        0.9765871796600236,
        -0.06658992102058803,
        0,
        -0.309544895282877,
        0,
        -0.9508848288853458,
        0,
        -0.9286219332226437,
        0.21512201310809914,
        0.302297576262462,
        0,
        403.425321903477,
        -96.1892475200111,
        -43.239500586193905,
        1
      ],
      "mesh": 5
    },
    {
      "matrix": [
        0.10397881225704331,
        0.9785092968405712,
        -0.17806729794711101,
        0,
        -0.8635546124896186,
        1.1102230246251565e-16,
        -0.5042553234700695,
        0,
        -0.4934185219968125,
        0.2062027060844999,
        0.8449962166506488,
        0,
        137.160084001641,
        -56.27562729458647,
        12.114190088715729,
        1
      ],
      "mesh": 5
    },
    {
      "matrix": [
        0.6672402665472146,
        0.7440072902924226,
        -0.035264411092895576,
        0,
        -0.05277748474605348,
        1.1102230246251565e-16,
        -0.9986062973483993,
        0,
        -0.742970365359132,
        0.6681714989370069,
        0.03926683341436099,
        0,
        403.2715351849363,
        24.252879966602507,
        -77.18515152386773,
        1
      ],
      "mesh": 5
    },
    {
      "matrix": [
        -0.23125572896955449,
        0.9689128466440585,
        0.08791293094231334,
        0,
        -0.35534403961715866,
        -2.220446049250313e-16,
        -0.9347355848091801,
        0,
        -0.9056773163369611,
        -0.24740229507445527,
        0.34429740496345973,
        0,
        406.21455258617283,
        -148.71955386555442,
        -41.67172373487351,
        1
      ],
      "mesh": 5
    },
    {
      "matrix": [
        0.86318700006246,
        0.4911929620829891,
        -0.11678046464760217,
        0,
        -0.13406849101633,
        1.1102230246251565e-16,
        -0.9909720680809342,
        0,
        -0.4867585054621798,
        0.8710507872679634,
        0.06585349922430794,
        0,
        376.132886665186,
        113.71916149809769,
        -28.48672008941451,
        1
      ],
      "mesh": 5
    },
    {
      "matrix": [
        -0.05898224964492993,
        0.7224874763380991,
        0.6888635138845922,
        0,
        -0.9963544222919478,
        0,
        -0.08531040487114439,
        0,
        -0.06163569912073452,
        -0.691384008011904,
        0.7198535921000142,
        0,
        114.82244724325083,
        -155.82288021492127,
        53.05838408667146,
        1
      ],
      "mesh": 5
    },
    {
      "matrix": [
        -0.2726206876623234,
        0.8581378455112931,
        -0.43506022429056596,
        0,
        0.8473779119200375,
        0,
        -0.530990277114409,
        0,
        -0.45566285239040355,
        -0.5134193589077409,
        -0.7271670556689194,
        0,
        242.91301476118738,
        -151.3899754188573,
        6.561348115141459,
        1
      ],
      "mesh": 5
    },
    {
      "matrix": [
        0.09222331487305835,
        0.9957091828172459,
        -0.007621249716239342,
        0,
        0.08235833507253087,
        3.3306690738754696e-16,
        0.9966027817762103,
        0,
        0.9923265414357844,
        -0.09253768558491482,
        -0.08200495051325873,
        0,
        378.66931827365664,
        -18.186855585617792,
        16.22736365522329,
        1
      ],
      "mesh": 5
    },
    {
      "matrix": [
        0.037274367361010974,
        0.9969185143656614,
        0.0690224402118555,
        0,
        0.8798934073605864,
        -2.220446049250313e-16,
        -0.4751711183177881,
        0,
        -0.47370688534283917,
        0.07844409292587157,
        -0.8771820284660554,
        0,
        303.11358723225396,
        103.52323707095773,
        -65.08862561283928,
        1
      ],
      "mesh": 5
    },
    {
      "matrix": [
        0.1862520637934333,
        0.9824237108097875,
        -0.012402466343992669,
        0,
        -0.06644253910131476,
        0,
        -0.997790253008001,
        0,
        -0.980252802969957,
        0.18666454521072584,
        0.06527472581953786,
        0,
        -62.05114580159519,
        58.29473506704653,
        12.74065181243935,
        1
      ],
      "mesh": 5
    },
    {
      "matrix": [
        0.05982198495390478,
        0.996016758828606,
        0.066120694557252,
        0,
        0.7415441517069803,
        -4.440892098500626e-16,
        -0.6709040699453054,
        0,
        -0.6682316972318434,
        0.08916622753351533,
        -0.7385904025114947,
        0,
        234.1117069715716,
        88.07283283353492,
        -22.811469634611502,
        1
      ],
      "mesh": 5
    },
    {
      "matrix": [
        0.3431033030957291,
        0.826528648333466,
        0.44624042498282696,
        0,
        -0.7927601024737145,
        0,
        0.6095337725884149,
        0,
        0.5037971251711008,
        -0.5628946557607859,
        0.6552389359502993,
        0,
        289.4405100416334,
        95.22572257997155,
        -8.141076177762553,
        1
      ],
      "mesh": 5
    },
    {
      "matrix": [
        -0.17876423144902964,
        0.4508676305069508,
        0.8745065633347107,
        0,
        0.9797395844233754,
        -4.440892098500626e-16,
        0.20027567679054875,
        0,
        0.09029781984273066,
        0.89259082437646,
        -0.44173286494283204,
        0,
        437.5717813725592,
        110.49287974683533,
        -91.6966809846833,
        1
      ],
      "mesh": 5
    },
    {
      "matrix": [
        0.14948117082385137,
        0.9569629280679428,
        -0.24875155049317865,
        0,
        -0.8571427164763481,
        -2.220446049250313e-16,
        -0.5150789877208612,
        0,
        -0.49291149627562725,
        0.29021018986870517,
        0.8202538037313162,
        0,
        518.693474967545,
        -127.08826201231508,
        35.965532917606005,
        1
      ],
      "mesh": 5
    },
    {
      "matrix": [
        -0.11689478036094036,
        0.9806424949962305,
        0.15708566876687183,
        0,
        0.8022483432224707,
        2.220446049250313e-16,
        0.5969904486646337,
